FinalBatches,FinalBatchesIndexes,FinalPermutationIndex,TestLoss,TestCorrect,TestTotal,TestAcc
"[[32892, 1816, 27148, 52392, 44158, 11911, 33024, 39568], [15989, 27283, 20194, 26260, 41465, 57575, 48895, 41019], [7978, 14282, 40909, 53509, 43081, 47294, 48253, 27343], [23823, 10568, 58247, 22815, 29957, 10265, 44131, 30711], [16080, 46010, 59768, 12399, 57101, 54368, 23095, 19446], [30261, 8319, 46896, 57186, 50804, 3380, 50311, 12180]]","(0, 1, 2, 3, 4, 5)",0,2.4406121373176575,1547,2048,0.75537109375
"[[32892, 1816, 27148, 52392, 44158, 11911, 33024, 39568], [15989, 27283, 20194, 26260, 41465, 57575, 48895, 41019], [7978, 14282, 40909, 53509, 43081, 47294, 48253, 27343], [23823, 10568, 58247, 22815, 29957, 10265, 44131, 30711], [30261, 8319, 46896, 57186, 50804, 3380, 50311, 12180], [16080, 46010, 59768, 12399, 57101, 54368, 23095, 19446]]","(0, 1, 2, 3, 5, 4)",1,2.4393224716186523,1611,2048,0.78662109375
"[[32892, 1816, 27148, 52392, 44158, 11911, 33024, 39568], [15989, 27283, 20194, 26260, 41465, 57575, 48895, 41019], [7978, 14282, 40909, 53509, 43081, 47294, 48253, 27343], [16080, 46010, 59768, 12399, 57101, 54368, 23095, 19446], [23823, 10568, 58247, 22815, 29957, 10265, 44131, 30711], [30261, 8319, 46896, 57186, 50804, 3380, 50311, 12180]]","(0, 1, 2, 4, 3, 5)",2,2.444929838180542,1540,2048,0.751953125
"[[32892, 1816, 27148, 52392, 44158, 11911, 33024, 39568], [15989, 27283, 20194, 26260, 41465, 57575, 48895, 41019], [7978, 14282, 40909, 53509, 43081, 47294, 48253, 27343], [16080, 46010, 59768, 12399, 57101, 54368, 23095, 19446], [30261, 8319, 46896, 57186, 50804, 3380, 50311, 12180], [23823, 10568, 58247, 22815, 29957, 10265, 44131, 30711]]","(0, 1, 2, 4, 5, 3)",3,2.4480018615722656,1601,2048,0.78173828125
"[[32892, 1816, 27148, 52392, 44158, 11911, 33024, 39568], [15989, 27283, 20194, 26260, 41465, 57575, 48895, 41019], [7978, 14282, 40909, 53509, 43081, 47294, 48253, 27343], [30261, 8319, 46896, 57186, 50804, 3380, 50311, 12180], [23823, 10568, 58247, 22815, 29957, 10265, 44131, 30711], [16080, 46010, 59768, 12399, 57101, 54368, 23095, 19446]]","(0, 1, 2, 5, 3, 4)",4,2.4444392919540405,1660,2048,0.810546875
"[[32892, 1816, 27148, 52392, 44158, 11911, 33024, 39568], [15989, 27283, 20194, 26260, 41465, 57575, 48895, 41019], [7978, 14282, 40909, 53509, 43081, 47294, 48253, 27343], [30261, 8319, 46896, 57186, 50804, 3380, 50311, 12180], [16080, 46010, 59768, 12399, 57101, 54368, 23095, 19446], [23823, 10568, 58247, 22815, 29957, 10265, 44131, 30711]]","(0, 1, 2, 5, 4, 3)",5,2.4491150975227356,1660,2048,0.810546875
"[[32892, 1816, 27148, 52392, 44158, 11911, 33024, 39568], [15989, 27283, 20194, 26260, 41465, 57575, 48895, 41019], [23823, 10568, 58247, 22815, 29957, 10265, 44131, 30711], [7978, 14282, 40909, 53509, 43081, 47294, 48253, 27343], [16080, 46010, 59768, 12399, 57101, 54368, 23095, 19446], [30261, 8319, 46896, 57186, 50804, 3380, 50311, 12180]]","(0, 1, 3, 2, 4, 5)",6,2.423526704311371,1512,2048,0.73828125
"[[32892, 1816, 27148, 52392, 44158, 11911, 33024, 39568], [15989, 27283, 20194, 26260, 41465, 57575, 48895, 41019], [23823, 10568, 58247, 22815, 29957, 10265, 44131, 30711], [7978, 14282, 40909, 53509, 43081, 47294, 48253, 27343], [30261, 8319, 46896, 57186, 50804, 3380, 50311, 12180], [16080, 46010, 59768, 12399, 57101, 54368, 23095, 19446]]","(0, 1, 3, 2, 5, 4)",7,2.4218994975090027,1573,2048,0.76806640625
"[[32892, 1816, 27148, 52392, 44158, 11911, 33024, 39568], [15989, 27283, 20194, 26260, 41465, 57575, 48895, 41019], [23823, 10568, 58247, 22815, 29957, 10265, 44131, 30711], [16080, 46010, 59768, 12399, 57101, 54368, 23095, 19446], [7978, 14282, 40909, 53509, 43081, 47294, 48253, 27343], [30261, 8319, 46896, 57186, 50804, 3380, 50311, 12180]]","(0, 1, 3, 4, 2, 5)",8,2.4203516840934753,1454,2048,0.7099609375
"[[32892, 1816, 27148, 52392, 44158, 11911, 33024, 39568], [15989, 27283, 20194, 26260, 41465, 57575, 48895, 41019], [23823, 10568, 58247, 22815, 29957, 10265, 44131, 30711], [16080, 46010, 59768, 12399, 57101, 54368, 23095, 19446], [30261, 8319, 46896, 57186, 50804, 3380, 50311, 12180], [7978, 14282, 40909, 53509, 43081, 47294, 48253, 27343]]","(0, 1, 3, 4, 5, 2)",9,2.4172526001930237,1425,2048,0.69580078125
"[[32892, 1816, 27148, 52392, 44158, 11911, 33024, 39568], [15989, 27283, 20194, 26260, 41465, 57575, 48895, 41019], [23823, 10568, 58247, 22815, 29957, 10265, 44131, 30711], [30261, 8319, 46896, 57186, 50804, 3380, 50311, 12180], [7978, 14282, 40909, 53509, 43081, 47294, 48253, 27343], [16080, 46010, 59768, 12399, 57101, 54368, 23095, 19446]]","(0, 1, 3, 5, 2, 4)",10,2.4179900884628296,1551,2048,0.75732421875
"[[32892, 1816, 27148, 52392, 44158, 11911, 33024, 39568], [15989, 27283, 20194, 26260, 41465, 57575, 48895, 41019], [23823, 10568, 58247, 22815, 29957, 10265, 44131, 30711], [30261, 8319, 46896, 57186, 50804, 3380, 50311, 12180], [16080, 46010, 59768, 12399, 57101, 54368, 23095, 19446], [7978, 14282, 40909, 53509, 43081, 47294, 48253, 27343]]","(0, 1, 3, 5, 4, 2)",11,2.4163573384284973,1464,2048,0.71484375
"[[32892, 1816, 27148, 52392, 44158, 11911, 33024, 39568], [15989, 27283, 20194, 26260, 41465, 57575, 48895, 41019], [16080, 46010, 59768, 12399, 57101, 54368, 23095, 19446], [7978, 14282, 40909, 53509, 43081, 47294, 48253, 27343], [23823, 10568, 58247, 22815, 29957, 10265, 44131, 30711], [30261, 8319, 46896, 57186, 50804, 3380, 50311, 12180]]","(0, 1, 4, 2, 3, 5)",12,2.439657747745514,1490,2048,0.7275390625
"[[32892, 1816, 27148, 52392, 44158, 11911, 33024, 39568], [15989, 27283, 20194, 26260, 41465, 57575, 48895, 41019], [16080, 46010, 59768, 12399, 57101, 54368, 23095, 19446], [7978, 14282, 40909, 53509, 43081, 47294, 48253, 27343], [30261, 8319, 46896, 57186, 50804, 3380, 50311, 12180], [23823, 10568, 58247, 22815, 29957, 10265, 44131, 30711]]","(0, 1, 4, 2, 5, 3)",13,2.442396819591522,1550,2048,0.7568359375
"[[32892, 1816, 27148, 52392, 44158, 11911, 33024, 39568], [15989, 27283, 20194, 26260, 41465, 57575, 48895, 41019], [16080, 46010, 59768, 12399, 57101, 54368, 23095, 19446], [23823, 10568, 58247, 22815, 29957, 10265, 44131, 30711], [7978, 14282, 40909, 53509, 43081, 47294, 48253, 27343], [30261, 8319, 46896, 57186, 50804, 3380, 50311, 12180]]","(0, 1, 4, 3, 2, 5)",14,2.432818830013275,1433,2048,0.69970703125
"[[32892, 1816, 27148, 52392, 44158, 11911, 33024, 39568], [15989, 27283, 20194, 26260, 41465, 57575, 48895, 41019], [16080, 46010, 59768, 12399, 57101, 54368, 23095, 19446], [23823, 10568, 58247, 22815, 29957, 10265, 44131, 30711], [30261, 8319, 46896, 57186, 50804, 3380, 50311, 12180], [7978, 14282, 40909, 53509, 43081, 47294, 48253, 27343]]","(0, 1, 4, 3, 5, 2)",15,2.4296302795410156,1411,2048,0.68896484375
"[[32892, 1816, 27148, 52392, 44158, 11911, 33024, 39568], [15989, 27283, 20194, 26260, 41465, 57575, 48895, 41019], [16080, 46010, 59768, 12399, 57101, 54368, 23095, 19446], [30261, 8319, 46896, 57186, 50804, 3380, 50311, 12180], [7978, 14282, 40909, 53509, 43081, 47294, 48253, 27343], [23823, 10568, 58247, 22815, 29957, 10265, 44131, 30711]]","(0, 1, 4, 5, 2, 3)",16,2.438159465789795,1535,2048,0.74951171875
"[[32892, 1816, 27148, 52392, 44158, 11911, 33024, 39568], [15989, 27283, 20194, 26260, 41465, 57575, 48895, 41019], [16080, 46010, 59768, 12399, 57101, 54368, 23095, 19446], [30261, 8319, 46896, 57186, 50804, 3380, 50311, 12180], [23823, 10568, 58247, 22815, 29957, 10265, 44131, 30711], [7978, 14282, 40909, 53509, 43081, 47294, 48253, 27343]]","(0, 1, 4, 5, 3, 2)",17,2.432666778564453,1437,2048,0.70166015625
"[[32892, 1816, 27148, 52392, 44158, 11911, 33024, 39568], [15989, 27283, 20194, 26260, 41465, 57575, 48895, 41019], [30261, 8319, 46896, 57186, 50804, 3380, 50311, 12180], [7978, 14282, 40909, 53509, 43081, 47294, 48253, 27343], [23823, 10568, 58247, 22815, 29957, 10265, 44131, 30711], [16080, 46010, 59768, 12399, 57101, 54368, 23095, 19446]]","(0, 1, 5, 2, 3, 4)",18,2.43314665555954,1635,2048,0.79833984375
"[[32892, 1816, 27148, 52392, 44158, 11911, 33024, 39568], [15989, 27283, 20194, 26260, 41465, 57575, 48895, 41019], [30261, 8319, 46896, 57186, 50804, 3380, 50311, 12180], [7978, 14282, 40909, 53509, 43081, 47294, 48253, 27343], [16080, 46010, 59768, 12399, 57101, 54368, 23095, 19446], [23823, 10568, 58247, 22815, 29957, 10265, 44131, 30711]]","(0, 1, 5, 2, 4, 3)",19,2.4377361536026,1633,2048,0.79736328125
"[[32892, 1816, 27148, 52392, 44158, 11911, 33024, 39568], [15989, 27283, 20194, 26260, 41465, 57575, 48895, 41019], [30261, 8319, 46896, 57186, 50804, 3380, 50311, 12180], [23823, 10568, 58247, 22815, 29957, 10265, 44131, 30711], [7978, 14282, 40909, 53509, 43081, 47294, 48253, 27343], [16080, 46010, 59768, 12399, 57101, 54368, 23095, 19446]]","(0, 1, 5, 3, 2, 4)",20,2.4252228140830994,1562,2048,0.7626953125
"[[32892, 1816, 27148, 52392, 44158, 11911, 33024, 39568], [15989, 27283, 20194, 26260, 41465, 57575, 48895, 41019], [30261, 8319, 46896, 57186, 50804, 3380, 50311, 12180], [23823, 10568, 58247, 22815, 29957, 10265, 44131, 30711], [16080, 46010, 59768, 12399, 57101, 54368, 23095, 19446], [7978, 14282, 40909, 53509, 43081, 47294, 48253, 27343]]","(0, 1, 5, 3, 4, 2)",21,2.4232587218284607,1470,2048,0.7177734375
"[[32892, 1816, 27148, 52392, 44158, 11911, 33024, 39568], [15989, 27283, 20194, 26260, 41465, 57575, 48895, 41019], [30261, 8319, 46896, 57186, 50804, 3380, 50311, 12180], [16080, 46010, 59768, 12399, 57101, 54368, 23095, 19446], [7978, 14282, 40909, 53509, 43081, 47294, 48253, 27343], [23823, 10568, 58247, 22815, 29957, 10265, 44131, 30711]]","(0, 1, 5, 4, 2, 3)",22,2.433079481124878,1552,2048,0.7578125
"[[32892, 1816, 27148, 52392, 44158, 11911, 33024, 39568], [15989, 27283, 20194, 26260, 41465, 57575, 48895, 41019], [30261, 8319, 46896, 57186, 50804, 3380, 50311, 12180], [16080, 46010, 59768, 12399, 57101, 54368, 23095, 19446], [23823, 10568, 58247, 22815, 29957, 10265, 44131, 30711], [7978, 14282, 40909, 53509, 43081, 47294, 48253, 27343]]","(0, 1, 5, 4, 3, 2)",23,2.427281439304352,1461,2048,0.71337890625
"[[32892, 1816, 27148, 52392, 44158, 11911, 33024, 39568], [7978, 14282, 40909, 53509, 43081, 47294, 48253, 27343], [15989, 27283, 20194, 26260, 41465, 57575, 48895, 41019], [23823, 10568, 58247, 22815, 29957, 10265, 44131, 30711], [16080, 46010, 59768, 12399, 57101, 54368, 23095, 19446], [30261, 8319, 46896, 57186, 50804, 3380, 50311, 12180]]","(0, 2, 1, 3, 4, 5)",24,2.4376863837242126,1547,2048,0.75537109375
"[[32892, 1816, 27148, 52392, 44158, 11911, 33024, 39568], [7978, 14282, 40909, 53509, 43081, 47294, 48253, 27343], [15989, 27283, 20194, 26260, 41465, 57575, 48895, 41019], [23823, 10568, 58247, 22815, 29957, 10265, 44131, 30711], [30261, 8319, 46896, 57186, 50804, 3380, 50311, 12180], [16080, 46010, 59768, 12399, 57101, 54368, 23095, 19446]]","(0, 2, 1, 3, 5, 4)",25,2.436144709587097,1611,2048,0.78662109375
"[[32892, 1816, 27148, 52392, 44158, 11911, 33024, 39568], [7978, 14282, 40909, 53509, 43081, 47294, 48253, 27343], [15989, 27283, 20194, 26260, 41465, 57575, 48895, 41019], [16080, 46010, 59768, 12399, 57101, 54368, 23095, 19446], [23823, 10568, 58247, 22815, 29957, 10265, 44131, 30711], [30261, 8319, 46896, 57186, 50804, 3380, 50311, 12180]]","(0, 2, 1, 4, 3, 5)",26,2.4421321749687195,1541,2048,0.75244140625
"[[32892, 1816, 27148, 52392, 44158, 11911, 33024, 39568], [7978, 14282, 40909, 53509, 43081, 47294, 48253, 27343], [15989, 27283, 20194, 26260, 41465, 57575, 48895, 41019], [16080, 46010, 59768, 12399, 57101, 54368, 23095, 19446], [30261, 8319, 46896, 57186, 50804, 3380, 50311, 12180], [23823, 10568, 58247, 22815, 29957, 10265, 44131, 30711]]","(0, 2, 1, 4, 5, 3)",27,2.44530588388443,1600,2048,0.78125
"[[32892, 1816, 27148, 52392, 44158, 11911, 33024, 39568], [7978, 14282, 40909, 53509, 43081, 47294, 48253, 27343], [15989, 27283, 20194, 26260, 41465, 57575, 48895, 41019], [30261, 8319, 46896, 57186, 50804, 3380, 50311, 12180], [23823, 10568, 58247, 22815, 29957, 10265, 44131, 30711], [16080, 46010, 59768, 12399, 57101, 54368, 23095, 19446]]","(0, 2, 1, 5, 3, 4)",28,2.4409822821617126,1658,2048,0.8095703125
"[[32892, 1816, 27148, 52392, 44158, 11911, 33024, 39568], [7978, 14282, 40909, 53509, 43081, 47294, 48253, 27343], [15989, 27283, 20194, 26260, 41465, 57575, 48895, 41019], [30261, 8319, 46896, 57186, 50804, 3380, 50311, 12180], [16080, 46010, 59768, 12399, 57101, 54368, 23095, 19446], [23823, 10568, 58247, 22815, 29957, 10265, 44131, 30711]]","(0, 2, 1, 5, 4, 3)",29,2.445734202861786,1656,2048,0.80859375
"[[32892, 1816, 27148, 52392, 44158, 11911, 33024, 39568], [7978, 14282, 40909, 53509, 43081, 47294, 48253, 27343], [23823, 10568, 58247, 22815, 29957, 10265, 44131, 30711], [15989, 27283, 20194, 26260, 41465, 57575, 48895, 41019], [16080, 46010, 59768, 12399, 57101, 54368, 23095, 19446], [30261, 8319, 46896, 57186, 50804, 3380, 50311, 12180]]","(0, 2, 3, 1, 4, 5)",30,2.4151381850242615,1542,2048,0.7529296875
"[[32892, 1816, 27148, 52392, 44158, 11911, 33024, 39568], [7978, 14282, 40909, 53509, 43081, 47294, 48253, 27343], [23823, 10568, 58247, 22815, 29957, 10265, 44131, 30711], [15989, 27283, 20194, 26260, 41465, 57575, 48895, 41019], [30261, 8319, 46896, 57186, 50804, 3380, 50311, 12180], [16080, 46010, 59768, 12399, 57101, 54368, 23095, 19446]]","(0, 2, 3, 1, 5, 4)",31,2.4136146903038025,1597,2048,0.77978515625
"[[32892, 1816, 27148, 52392, 44158, 11911, 33024, 39568], [7978, 14282, 40909, 53509, 43081, 47294, 48253, 27343], [23823, 10568, 58247, 22815, 29957, 10265, 44131, 30711], [16080, 46010, 59768, 12399, 57101, 54368, 23095, 19446], [15989, 27283, 20194, 26260, 41465, 57575, 48895, 41019], [30261, 8319, 46896, 57186, 50804, 3380, 50311, 12180]]","(0, 2, 3, 4, 1, 5)",32,2.413205087184906,1504,2048,0.734375
"[[32892, 1816, 27148, 52392, 44158, 11911, 33024, 39568], [7978, 14282, 40909, 53509, 43081, 47294, 48253, 27343], [23823, 10568, 58247, 22815, 29957, 10265, 44131, 30711], [16080, 46010, 59768, 12399, 57101, 54368, 23095, 19446], [30261, 8319, 46896, 57186, 50804, 3380, 50311, 12180], [15989, 27283, 20194, 26260, 41465, 57575, 48895, 41019]]","(0, 2, 3, 4, 5, 1)",33,2.41142201423645,1503,2048,0.73388671875
"[[32892, 1816, 27148, 52392, 44158, 11911, 33024, 39568], [7978, 14282, 40909, 53509, 43081, 47294, 48253, 27343], [23823, 10568, 58247, 22815, 29957, 10265, 44131, 30711], [30261, 8319, 46896, 57186, 50804, 3380, 50311, 12180], [15989, 27283, 20194, 26260, 41465, 57575, 48895, 41019], [16080, 46010, 59768, 12399, 57101, 54368, 23095, 19446]]","(0, 2, 3, 5, 1, 4)",34,2.411727726459503,1608,2048,0.78515625
"[[32892, 1816, 27148, 52392, 44158, 11911, 33024, 39568], [7978, 14282, 40909, 53509, 43081, 47294, 48253, 27343], [23823, 10568, 58247, 22815, 29957, 10265, 44131, 30711], [30261, 8319, 46896, 57186, 50804, 3380, 50311, 12180], [16080, 46010, 59768, 12399, 57101, 54368, 23095, 19446], [15989, 27283, 20194, 26260, 41465, 57575, 48895, 41019]]","(0, 2, 3, 5, 4, 1)",35,2.4111449122428894,1548,2048,0.755859375
"[[32892, 1816, 27148, 52392, 44158, 11911, 33024, 39568], [7978, 14282, 40909, 53509, 43081, 47294, 48253, 27343], [16080, 46010, 59768, 12399, 57101, 54368, 23095, 19446], [15989, 27283, 20194, 26260, 41465, 57575, 48895, 41019], [23823, 10568, 58247, 22815, 29957, 10265, 44131, 30711], [30261, 8319, 46896, 57186, 50804, 3380, 50311, 12180]]","(0, 2, 4, 1, 3, 5)",36,2.437413454055786,1506,2048,0.7353515625
"[[32892, 1816, 27148, 52392, 44158, 11911, 33024, 39568], [7978, 14282, 40909, 53509, 43081, 47294, 48253, 27343], [16080, 46010, 59768, 12399, 57101, 54368, 23095, 19446], [15989, 27283, 20194, 26260, 41465, 57575, 48895, 41019], [30261, 8319, 46896, 57186, 50804, 3380, 50311, 12180], [23823, 10568, 58247, 22815, 29957, 10265, 44131, 30711]]","(0, 2, 4, 1, 5, 3)",37,2.4401766657829285,1563,2048,0.76318359375
"[[32892, 1816, 27148, 52392, 44158, 11911, 33024, 39568], [7978, 14282, 40909, 53509, 43081, 47294, 48253, 27343], [16080, 46010, 59768, 12399, 57101, 54368, 23095, 19446], [23823, 10568, 58247, 22815, 29957, 10265, 44131, 30711], [15989, 27283, 20194, 26260, 41465, 57575, 48895, 41019], [30261, 8319, 46896, 57186, 50804, 3380, 50311, 12180]]","(0, 2, 4, 3, 1, 5)",38,2.431302011013031,1474,2048,0.7197265625
"[[32892, 1816, 27148, 52392, 44158, 11911, 33024, 39568], [7978, 14282, 40909, 53509, 43081, 47294, 48253, 27343], [16080, 46010, 59768, 12399, 57101, 54368, 23095, 19446], [23823, 10568, 58247, 22815, 29957, 10265, 44131, 30711], [30261, 8319, 46896, 57186, 50804, 3380, 50311, 12180], [15989, 27283, 20194, 26260, 41465, 57575, 48895, 41019]]","(0, 2, 4, 3, 5, 1)",39,2.429606258869171,1471,2048,0.71826171875
"[[32892, 1816, 27148, 52392, 44158, 11911, 33024, 39568], [7978, 14282, 40909, 53509, 43081, 47294, 48253, 27343], [16080, 46010, 59768, 12399, 57101, 54368, 23095, 19446], [30261, 8319, 46896, 57186, 50804, 3380, 50311, 12180], [15989, 27283, 20194, 26260, 41465, 57575, 48895, 41019], [23823, 10568, 58247, 22815, 29957, 10265, 44131, 30711]]","(0, 2, 4, 5, 1, 3)",40,2.4376248717308044,1575,2048,0.76904296875
"[[32892, 1816, 27148, 52392, 44158, 11911, 33024, 39568], [7978, 14282, 40909, 53509, 43081, 47294, 48253, 27343], [16080, 46010, 59768, 12399, 57101, 54368, 23095, 19446], [30261, 8319, 46896, 57186, 50804, 3380, 50311, 12180], [23823, 10568, 58247, 22815, 29957, 10265, 44131, 30711], [15989, 27283, 20194, 26260, 41465, 57575, 48895, 41019]]","(0, 2, 4, 5, 3, 1)",41,2.433029592037201,1516,2048,0.740234375
"[[32892, 1816, 27148, 52392, 44158, 11911, 33024, 39568], [7978, 14282, 40909, 53509, 43081, 47294, 48253, 27343], [30261, 8319, 46896, 57186, 50804, 3380, 50311, 12180], [15989, 27283, 20194, 26260, 41465, 57575, 48895, 41019], [23823, 10568, 58247, 22815, 29957, 10265, 44131, 30711], [16080, 46010, 59768, 12399, 57101, 54368, 23095, 19446]]","(0, 2, 5, 1, 3, 4)",42,2.433178126811981,1647,2048,0.80419921875
"[[32892, 1816, 27148, 52392, 44158, 11911, 33024, 39568], [7978, 14282, 40909, 53509, 43081, 47294, 48253, 27343], [30261, 8319, 46896, 57186, 50804, 3380, 50311, 12180], [15989, 27283, 20194, 26260, 41465, 57575, 48895, 41019], [16080, 46010, 59768, 12399, 57101, 54368, 23095, 19446], [23823, 10568, 58247, 22815, 29957, 10265, 44131, 30711]]","(0, 2, 5, 1, 4, 3)",43,2.437964081764221,1646,2048,0.8037109375
"[[32892, 1816, 27148, 52392, 44158, 11911, 33024, 39568], [7978, 14282, 40909, 53509, 43081, 47294, 48253, 27343], [30261, 8319, 46896, 57186, 50804, 3380, 50311, 12180], [23823, 10568, 58247, 22815, 29957, 10265, 44131, 30711], [15989, 27283, 20194, 26260, 41465, 57575, 48895, 41019], [16080, 46010, 59768, 12399, 57101, 54368, 23095, 19446]]","(0, 2, 5, 3, 1, 4)",44,2.426126539707184,1610,2048,0.7861328125
"[[32892, 1816, 27148, 52392, 44158, 11911, 33024, 39568], [7978, 14282, 40909, 53509, 43081, 47294, 48253, 27343], [30261, 8319, 46896, 57186, 50804, 3380, 50311, 12180], [23823, 10568, 58247, 22815, 29957, 10265, 44131, 30711], [16080, 46010, 59768, 12399, 57101, 54368, 23095, 19446], [15989, 27283, 20194, 26260, 41465, 57575, 48895, 41019]]","(0, 2, 5, 3, 4, 1)",45,2.4255329370498657,1547,2048,0.75537109375
"[[32892, 1816, 27148, 52392, 44158, 11911, 33024, 39568], [7978, 14282, 40909, 53509, 43081, 47294, 48253, 27343], [30261, 8319, 46896, 57186, 50804, 3380, 50311, 12180], [16080, 46010, 59768, 12399, 57101, 54368, 23095, 19446], [15989, 27283, 20194, 26260, 41465, 57575, 48895, 41019], [23823, 10568, 58247, 22815, 29957, 10265, 44131, 30711]]","(0, 2, 5, 4, 1, 3)",46,2.4350600838661194,1604,2048,0.783203125
"[[32892, 1816, 27148, 52392, 44158, 11911, 33024, 39568], [7978, 14282, 40909, 53509, 43081, 47294, 48253, 27343], [30261, 8319, 46896, 57186, 50804, 3380, 50311, 12180], [16080, 46010, 59768, 12399, 57101, 54368, 23095, 19446], [23823, 10568, 58247, 22815, 29957, 10265, 44131, 30711], [15989, 27283, 20194, 26260, 41465, 57575, 48895, 41019]]","(0, 2, 5, 4, 3, 1)",47,2.4300695061683655,1543,2048,0.75341796875
"[[32892, 1816, 27148, 52392, 44158, 11911, 33024, 39568], [23823, 10568, 58247, 22815, 29957, 10265, 44131, 30711], [15989, 27283, 20194, 26260, 41465, 57575, 48895, 41019], [7978, 14282, 40909, 53509, 43081, 47294, 48253, 27343], [16080, 46010, 59768, 12399, 57101, 54368, 23095, 19446], [30261, 8319, 46896, 57186, 50804, 3380, 50311, 12180]]","(0, 3, 1, 2, 4, 5)",48,2.424294173717499,1495,2048,0.72998046875
"[[32892, 1816, 27148, 52392, 44158, 11911, 33024, 39568], [23823, 10568, 58247, 22815, 29957, 10265, 44131, 30711], [15989, 27283, 20194, 26260, 41465, 57575, 48895, 41019], [7978, 14282, 40909, 53509, 43081, 47294, 48253, 27343], [30261, 8319, 46896, 57186, 50804, 3380, 50311, 12180], [16080, 46010, 59768, 12399, 57101, 54368, 23095, 19446]]","(0, 3, 1, 2, 5, 4)",49,2.422898828983307,1552,2048,0.7578125
"[[32892, 1816, 27148, 52392, 44158, 11911, 33024, 39568], [23823, 10568, 58247, 22815, 29957, 10265, 44131, 30711], [15989, 27283, 20194, 26260, 41465, 57575, 48895, 41019], [16080, 46010, 59768, 12399, 57101, 54368, 23095, 19446], [7978, 14282, 40909, 53509, 43081, 47294, 48253, 27343], [30261, 8319, 46896, 57186, 50804, 3380, 50311, 12180]]","(0, 3, 1, 4, 2, 5)",50,2.4211106300354004,1433,2048,0.69970703125
"[[32892, 1816, 27148, 52392, 44158, 11911, 33024, 39568], [23823, 10568, 58247, 22815, 29957, 10265, 44131, 30711], [15989, 27283, 20194, 26260, 41465, 57575, 48895, 41019], [16080, 46010, 59768, 12399, 57101, 54368, 23095, 19446], [30261, 8319, 46896, 57186, 50804, 3380, 50311, 12180], [7978, 14282, 40909, 53509, 43081, 47294, 48253, 27343]]","(0, 3, 1, 4, 5, 2)",51,2.418445110321045,1411,2048,0.68896484375
"[[32892, 1816, 27148, 52392, 44158, 11911, 33024, 39568], [23823, 10568, 58247, 22815, 29957, 10265, 44131, 30711], [15989, 27283, 20194, 26260, 41465, 57575, 48895, 41019], [30261, 8319, 46896, 57186, 50804, 3380, 50311, 12180], [7978, 14282, 40909, 53509, 43081, 47294, 48253, 27343], [16080, 46010, 59768, 12399, 57101, 54368, 23095, 19446]]","(0, 3, 1, 5, 2, 4)",52,2.4185603857040405,1537,2048,0.75048828125
"[[32892, 1816, 27148, 52392, 44158, 11911, 33024, 39568], [23823, 10568, 58247, 22815, 29957, 10265, 44131, 30711], [15989, 27283, 20194, 26260, 41465, 57575, 48895, 41019], [30261, 8319, 46896, 57186, 50804, 3380, 50311, 12180], [16080, 46010, 59768, 12399, 57101, 54368, 23095, 19446], [7978, 14282, 40909, 53509, 43081, 47294, 48253, 27343]]","(0, 3, 1, 5, 4, 2)",53,2.4168055653572083,1443,2048,0.70458984375
"[[32892, 1816, 27148, 52392, 44158, 11911, 33024, 39568], [23823, 10568, 58247, 22815, 29957, 10265, 44131, 30711], [7978, 14282, 40909, 53509, 43081, 47294, 48253, 27343], [15989, 27283, 20194, 26260, 41465, 57575, 48895, 41019], [16080, 46010, 59768, 12399, 57101, 54368, 23095, 19446], [30261, 8319, 46896, 57186, 50804, 3380, 50311, 12180]]","(0, 3, 2, 1, 4, 5)",54,2.428186297416687,1533,2048,0.74853515625
"[[32892, 1816, 27148, 52392, 44158, 11911, 33024, 39568], [23823, 10568, 58247, 22815, 29957, 10265, 44131, 30711], [7978, 14282, 40909, 53509, 43081, 47294, 48253, 27343], [15989, 27283, 20194, 26260, 41465, 57575, 48895, 41019], [30261, 8319, 46896, 57186, 50804, 3380, 50311, 12180], [16080, 46010, 59768, 12399, 57101, 54368, 23095, 19446]]","(0, 3, 2, 1, 5, 4)",55,2.4270235896110535,1586,2048,0.7744140625
"[[32892, 1816, 27148, 52392, 44158, 11911, 33024, 39568], [23823, 10568, 58247, 22815, 29957, 10265, 44131, 30711], [7978, 14282, 40909, 53509, 43081, 47294, 48253, 27343], [16080, 46010, 59768, 12399, 57101, 54368, 23095, 19446], [15989, 27283, 20194, 26260, 41465, 57575, 48895, 41019], [30261, 8319, 46896, 57186, 50804, 3380, 50311, 12180]]","(0, 3, 2, 4, 1, 5)",56,2.4261003732681274,1484,2048,0.724609375
"[[32892, 1816, 27148, 52392, 44158, 11911, 33024, 39568], [23823, 10568, 58247, 22815, 29957, 10265, 44131, 30711], [7978, 14282, 40909, 53509, 43081, 47294, 48253, 27343], [16080, 46010, 59768, 12399, 57101, 54368, 23095, 19446], [30261, 8319, 46896, 57186, 50804, 3380, 50311, 12180], [15989, 27283, 20194, 26260, 41465, 57575, 48895, 41019]]","(0, 3, 2, 4, 5, 1)",57,2.4244890213012695,1483,2048,0.72412109375
"[[32892, 1816, 27148, 52392, 44158, 11911, 33024, 39568], [23823, 10568, 58247, 22815, 29957, 10265, 44131, 30711], [7978, 14282, 40909, 53509, 43081, 47294, 48253, 27343], [30261, 8319, 46896, 57186, 50804, 3380, 50311, 12180], [15989, 27283, 20194, 26260, 41465, 57575, 48895, 41019], [16080, 46010, 59768, 12399, 57101, 54368, 23095, 19446]]","(0, 3, 2, 5, 1, 4)",58,2.424787223339081,1600,2048,0.78125
"[[32892, 1816, 27148, 52392, 44158, 11911, 33024, 39568], [23823, 10568, 58247, 22815, 29957, 10265, 44131, 30711], [7978, 14282, 40909, 53509, 43081, 47294, 48253, 27343], [30261, 8319, 46896, 57186, 50804, 3380, 50311, 12180], [16080, 46010, 59768, 12399, 57101, 54368, 23095, 19446], [15989, 27283, 20194, 26260, 41465, 57575, 48895, 41019]]","(0, 3, 2, 5, 4, 1)",59,2.4240311980247498,1541,2048,0.75244140625
"[[32892, 1816, 27148, 52392, 44158, 11911, 33024, 39568], [23823, 10568, 58247, 22815, 29957, 10265, 44131, 30711], [16080, 46010, 59768, 12399, 57101, 54368, 23095, 19446], [15989, 27283, 20194, 26260, 41465, 57575, 48895, 41019], [7978, 14282, 40909, 53509, 43081, 47294, 48253, 27343], [30261, 8319, 46896, 57186, 50804, 3380, 50311, 12180]]","(0, 3, 4, 1, 2, 5)",60,2.418270170688629,1414,2048,0.6904296875
"[[32892, 1816, 27148, 52392, 44158, 11911, 33024, 39568], [23823, 10568, 58247, 22815, 29957, 10265, 44131, 30711], [16080, 46010, 59768, 12399, 57101, 54368, 23095, 19446], [15989, 27283, 20194, 26260, 41465, 57575, 48895, 41019], [30261, 8319, 46896, 57186, 50804, 3380, 50311, 12180], [7978, 14282, 40909, 53509, 43081, 47294, 48253, 27343]]","(0, 3, 4, 1, 5, 2)",61,2.415845662355423,1385,2048,0.67626953125
"[[32892, 1816, 27148, 52392, 44158, 11911, 33024, 39568], [23823, 10568, 58247, 22815, 29957, 10265, 44131, 30711], [16080, 46010, 59768, 12399, 57101, 54368, 23095, 19446], [7978, 14282, 40909, 53509, 43081, 47294, 48253, 27343], [15989, 27283, 20194, 26260, 41465, 57575, 48895, 41019], [30261, 8319, 46896, 57186, 50804, 3380, 50311, 12180]]","(0, 3, 4, 2, 1, 5)",62,2.4192541241645813,1436,2048,0.701171875
"[[32892, 1816, 27148, 52392, 44158, 11911, 33024, 39568], [23823, 10568, 58247, 22815, 29957, 10265, 44131, 30711], [16080, 46010, 59768, 12399, 57101, 54368, 23095, 19446], [7978, 14282, 40909, 53509, 43081, 47294, 48253, 27343], [30261, 8319, 46896, 57186, 50804, 3380, 50311, 12180], [15989, 27283, 20194, 26260, 41465, 57575, 48895, 41019]]","(0, 3, 4, 2, 5, 1)",63,2.417811632156372,1432,2048,0.69921875
"[[32892, 1816, 27148, 52392, 44158, 11911, 33024, 39568], [23823, 10568, 58247, 22815, 29957, 10265, 44131, 30711], [16080, 46010, 59768, 12399, 57101, 54368, 23095, 19446], [30261, 8319, 46896, 57186, 50804, 3380, 50311, 12180], [15989, 27283, 20194, 26260, 41465, 57575, 48895, 41019], [7978, 14282, 40909, 53509, 43081, 47294, 48253, 27343]]","(0, 3, 4, 5, 1, 2)",64,2.4126512110233307,1396,2048,0.681640625
"[[32892, 1816, 27148, 52392, 44158, 11911, 33024, 39568], [23823, 10568, 58247, 22815, 29957, 10265, 44131, 30711], [16080, 46010, 59768, 12399, 57101, 54368, 23095, 19446], [30261, 8319, 46896, 57186, 50804, 3380, 50311, 12180], [7978, 14282, 40909, 53509, 43081, 47294, 48253, 27343], [15989, 27283, 20194, 26260, 41465, 57575, 48895, 41019]]","(0, 3, 4, 5, 2, 1)",65,2.41383957862854,1424,2048,0.6953125
"[[32892, 1816, 27148, 52392, 44158, 11911, 33024, 39568], [23823, 10568, 58247, 22815, 29957, 10265, 44131, 30711], [30261, 8319, 46896, 57186, 50804, 3380, 50311, 12180], [15989, 27283, 20194, 26260, 41465, 57575, 48895, 41019], [7978, 14282, 40909, 53509, 43081, 47294, 48253, 27343], [16080, 46010, 59768, 12399, 57101, 54368, 23095, 19446]]","(0, 3, 5, 1, 2, 4)",66,2.414557635784149,1547,2048,0.75537109375
"[[32892, 1816, 27148, 52392, 44158, 11911, 33024, 39568], [23823, 10568, 58247, 22815, 29957, 10265, 44131, 30711], [30261, 8319, 46896, 57186, 50804, 3380, 50311, 12180], [15989, 27283, 20194, 26260, 41465, 57575, 48895, 41019], [16080, 46010, 59768, 12399, 57101, 54368, 23095, 19446], [7978, 14282, 40909, 53509, 43081, 47294, 48253, 27343]]","(0, 3, 5, 1, 4, 2)",67,2.4126927852630615,1456,2048,0.7109375
"[[32892, 1816, 27148, 52392, 44158, 11911, 33024, 39568], [23823, 10568, 58247, 22815, 29957, 10265, 44131, 30711], [30261, 8319, 46896, 57186, 50804, 3380, 50311, 12180], [7978, 14282, 40909, 53509, 43081, 47294, 48253, 27343], [15989, 27283, 20194, 26260, 41465, 57575, 48895, 41019], [16080, 46010, 59768, 12399, 57101, 54368, 23095, 19446]]","(0, 3, 5, 2, 1, 4)",68,2.416073262691498,1574,2048,0.7685546875
"[[32892, 1816, 27148, 52392, 44158, 11911, 33024, 39568], [23823, 10568, 58247, 22815, 29957, 10265, 44131, 30711], [30261, 8319, 46896, 57186, 50804, 3380, 50311, 12180], [7978, 14282, 40909, 53509, 43081, 47294, 48253, 27343], [16080, 46010, 59768, 12399, 57101, 54368, 23095, 19446], [15989, 27283, 20194, 26260, 41465, 57575, 48895, 41019]]","(0, 3, 5, 2, 4, 1)",69,2.4156516790390015,1515,2048,0.73974609375
"[[32892, 1816, 27148, 52392, 44158, 11911, 33024, 39568], [23823, 10568, 58247, 22815, 29957, 10265, 44131, 30711], [30261, 8319, 46896, 57186, 50804, 3380, 50311, 12180], [16080, 46010, 59768, 12399, 57101, 54368, 23095, 19446], [15989, 27283, 20194, 26260, 41465, 57575, 48895, 41019], [7978, 14282, 40909, 53509, 43081, 47294, 48253, 27343]]","(0, 3, 5, 4, 1, 2)",70,2.4110904932022095,1427,2048,0.69677734375
"[[32892, 1816, 27148, 52392, 44158, 11911, 33024, 39568], [23823, 10568, 58247, 22815, 29957, 10265, 44131, 30711], [30261, 8319, 46896, 57186, 50804, 3380, 50311, 12180], [16080, 46010, 59768, 12399, 57101, 54368, 23095, 19446], [7978, 14282, 40909, 53509, 43081, 47294, 48253, 27343], [15989, 27283, 20194, 26260, 41465, 57575, 48895, 41019]]","(0, 3, 5, 4, 2, 1)",71,2.41239070892334,1455,2048,0.71044921875
"[[32892, 1816, 27148, 52392, 44158, 11911, 33024, 39568], [16080, 46010, 59768, 12399, 57101, 54368, 23095, 19446], [15989, 27283, 20194, 26260, 41465, 57575, 48895, 41019], [7978, 14282, 40909, 53509, 43081, 47294, 48253, 27343], [23823, 10568, 58247, 22815, 29957, 10265, 44131, 30711], [30261, 8319, 46896, 57186, 50804, 3380, 50311, 12180]]","(0, 4, 1, 2, 3, 5)",72,2.434832513332367,1473,2048,0.71923828125
"[[32892, 1816, 27148, 52392, 44158, 11911, 33024, 39568], [16080, 46010, 59768, 12399, 57101, 54368, 23095, 19446], [15989, 27283, 20194, 26260, 41465, 57575, 48895, 41019], [7978, 14282, 40909, 53509, 43081, 47294, 48253, 27343], [30261, 8319, 46896, 57186, 50804, 3380, 50311, 12180], [23823, 10568, 58247, 22815, 29957, 10265, 44131, 30711]]","(0, 4, 1, 2, 5, 3)",73,2.437245786190033,1533,2048,0.74853515625
"[[32892, 1816, 27148, 52392, 44158, 11911, 33024, 39568], [16080, 46010, 59768, 12399, 57101, 54368, 23095, 19446], [15989, 27283, 20194, 26260, 41465, 57575, 48895, 41019], [23823, 10568, 58247, 22815, 29957, 10265, 44131, 30711], [7978, 14282, 40909, 53509, 43081, 47294, 48253, 27343], [30261, 8319, 46896, 57186, 50804, 3380, 50311, 12180]]","(0, 4, 1, 3, 2, 5)",74,2.4283158779144287,1424,2048,0.6953125
"[[32892, 1816, 27148, 52392, 44158, 11911, 33024, 39568], [16080, 46010, 59768, 12399, 57101, 54368, 23095, 19446], [15989, 27283, 20194, 26260, 41465, 57575, 48895, 41019], [23823, 10568, 58247, 22815, 29957, 10265, 44131, 30711], [30261, 8319, 46896, 57186, 50804, 3380, 50311, 12180], [7978, 14282, 40909, 53509, 43081, 47294, 48253, 27343]]","(0, 4, 1, 3, 5, 2)",75,2.425341546535492,1392,2048,0.6796875
"[[32892, 1816, 27148, 52392, 44158, 11911, 33024, 39568], [16080, 46010, 59768, 12399, 57101, 54368, 23095, 19446], [15989, 27283, 20194, 26260, 41465, 57575, 48895, 41019], [30261, 8319, 46896, 57186, 50804, 3380, 50311, 12180], [7978, 14282, 40909, 53509, 43081, 47294, 48253, 27343], [23823, 10568, 58247, 22815, 29957, 10265, 44131, 30711]]","(0, 4, 1, 5, 2, 3)",76,2.433030426502228,1514,2048,0.7392578125
"[[32892, 1816, 27148, 52392, 44158, 11911, 33024, 39568], [16080, 46010, 59768, 12399, 57101, 54368, 23095, 19446], [15989, 27283, 20194, 26260, 41465, 57575, 48895, 41019], [30261, 8319, 46896, 57186, 50804, 3380, 50311, 12180], [23823, 10568, 58247, 22815, 29957, 10265, 44131, 30711], [7978, 14282, 40909, 53509, 43081, 47294, 48253, 27343]]","(0, 4, 1, 5, 3, 2)",77,2.4280043244361877,1428,2048,0.697265625
"[[32892, 1816, 27148, 52392, 44158, 11911, 33024, 39568], [16080, 46010, 59768, 12399, 57101, 54368, 23095, 19446], [7978, 14282, 40909, 53509, 43081, 47294, 48253, 27343], [15989, 27283, 20194, 26260, 41465, 57575, 48895, 41019], [23823, 10568, 58247, 22815, 29957, 10265, 44131, 30711], [30261, 8319, 46896, 57186, 50804, 3380, 50311, 12180]]","(0, 4, 2, 1, 3, 5)",78,2.43786883354187,1500,2048,0.732421875
"[[32892, 1816, 27148, 52392, 44158, 11911, 33024, 39568], [16080, 46010, 59768, 12399, 57101, 54368, 23095, 19446], [7978, 14282, 40909, 53509, 43081, 47294, 48253, 27343], [15989, 27283, 20194, 26260, 41465, 57575, 48895, 41019], [30261, 8319, 46896, 57186, 50804, 3380, 50311, 12180], [23823, 10568, 58247, 22815, 29957, 10265, 44131, 30711]]","(0, 4, 2, 1, 5, 3)",79,2.440547466278076,1557,2048,0.76025390625
"[[32892, 1816, 27148, 52392, 44158, 11911, 33024, 39568], [16080, 46010, 59768, 12399, 57101, 54368, 23095, 19446], [7978, 14282, 40909, 53509, 43081, 47294, 48253, 27343], [23823, 10568, 58247, 22815, 29957, 10265, 44131, 30711], [15989, 27283, 20194, 26260, 41465, 57575, 48895, 41019], [30261, 8319, 46896, 57186, 50804, 3380, 50311, 12180]]","(0, 4, 2, 3, 1, 5)",80,2.432202160358429,1471,2048,0.71826171875
"[[32892, 1816, 27148, 52392, 44158, 11911, 33024, 39568], [16080, 46010, 59768, 12399, 57101, 54368, 23095, 19446], [7978, 14282, 40909, 53509, 43081, 47294, 48253, 27343], [23823, 10568, 58247, 22815, 29957, 10265, 44131, 30711], [30261, 8319, 46896, 57186, 50804, 3380, 50311, 12180], [15989, 27283, 20194, 26260, 41465, 57575, 48895, 41019]]","(0, 4, 2, 3, 5, 1)",81,2.4304040670394897,1471,2048,0.71826171875
"[[32892, 1816, 27148, 52392, 44158, 11911, 33024, 39568], [16080, 46010, 59768, 12399, 57101, 54368, 23095, 19446], [7978, 14282, 40909, 53509, 43081, 47294, 48253, 27343], [30261, 8319, 46896, 57186, 50804, 3380, 50311, 12180], [15989, 27283, 20194, 26260, 41465, 57575, 48895, 41019], [23823, 10568, 58247, 22815, 29957, 10265, 44131, 30711]]","(0, 4, 2, 5, 1, 3)",82,2.438898503780365,1568,2048,0.765625
"[[32892, 1816, 27148, 52392, 44158, 11911, 33024, 39568], [16080, 46010, 59768, 12399, 57101, 54368, 23095, 19446], [7978, 14282, 40909, 53509, 43081, 47294, 48253, 27343], [30261, 8319, 46896, 57186, 50804, 3380, 50311, 12180], [23823, 10568, 58247, 22815, 29957, 10265, 44131, 30711], [15989, 27283, 20194, 26260, 41465, 57575, 48895, 41019]]","(0, 4, 2, 5, 3, 1)",83,2.434059500694275,1510,2048,0.7373046875
"[[32892, 1816, 27148, 52392, 44158, 11911, 33024, 39568], [16080, 46010, 59768, 12399, 57101, 54368, 23095, 19446], [23823, 10568, 58247, 22815, 29957, 10265, 44131, 30711], [15989, 27283, 20194, 26260, 41465, 57575, 48895, 41019], [7978, 14282, 40909, 53509, 43081, 47294, 48253, 27343], [30261, 8319, 46896, 57186, 50804, 3380, 50311, 12180]]","(0, 4, 3, 1, 2, 5)",84,2.414661318063736,1402,2048,0.6845703125
"[[32892, 1816, 27148, 52392, 44158, 11911, 33024, 39568], [16080, 46010, 59768, 12399, 57101, 54368, 23095, 19446], [23823, 10568, 58247, 22815, 29957, 10265, 44131, 30711], [15989, 27283, 20194, 26260, 41465, 57575, 48895, 41019], [30261, 8319, 46896, 57186, 50804, 3380, 50311, 12180], [7978, 14282, 40909, 53509, 43081, 47294, 48253, 27343]]","(0, 4, 3, 1, 5, 2)",85,2.4119959473609924,1375,2048,0.67138671875
"[[32892, 1816, 27148, 52392, 44158, 11911, 33024, 39568], [16080, 46010, 59768, 12399, 57101, 54368, 23095, 19446], [23823, 10568, 58247, 22815, 29957, 10265, 44131, 30711], [7978, 14282, 40909, 53509, 43081, 47294, 48253, 27343], [15989, 27283, 20194, 26260, 41465, 57575, 48895, 41019], [30261, 8319, 46896, 57186, 50804, 3380, 50311, 12180]]","(0, 4, 3, 2, 1, 5)",86,2.4158477783203125,1426,2048,0.6962890625
"[[32892, 1816, 27148, 52392, 44158, 11911, 33024, 39568], [16080, 46010, 59768, 12399, 57101, 54368, 23095, 19446], [23823, 10568, 58247, 22815, 29957, 10265, 44131, 30711], [7978, 14282, 40909, 53509, 43081, 47294, 48253, 27343], [30261, 8319, 46896, 57186, 50804, 3380, 50311, 12180], [15989, 27283, 20194, 26260, 41465, 57575, 48895, 41019]]","(0, 4, 3, 2, 5, 1)",87,2.4141258597373962,1425,2048,0.69580078125
"[[32892, 1816, 27148, 52392, 44158, 11911, 33024, 39568], [16080, 46010, 59768, 12399, 57101, 54368, 23095, 19446], [23823, 10568, 58247, 22815, 29957, 10265, 44131, 30711], [30261, 8319, 46896, 57186, 50804, 3380, 50311, 12180], [15989, 27283, 20194, 26260, 41465, 57575, 48895, 41019], [7978, 14282, 40909, 53509, 43081, 47294, 48253, 27343]]","(0, 4, 3, 5, 1, 2)",88,2.4095124006271362,1387,2048,0.67724609375
"[[32892, 1816, 27148, 52392, 44158, 11911, 33024, 39568], [16080, 46010, 59768, 12399, 57101, 54368, 23095, 19446], [23823, 10568, 58247, 22815, 29957, 10265, 44131, 30711], [30261, 8319, 46896, 57186, 50804, 3380, 50311, 12180], [7978, 14282, 40909, 53509, 43081, 47294, 48253, 27343], [15989, 27283, 20194, 26260, 41465, 57575, 48895, 41019]]","(0, 4, 3, 5, 2, 1)",89,2.4105416536331177,1413,2048,0.68994140625
"[[32892, 1816, 27148, 52392, 44158, 11911, 33024, 39568], [16080, 46010, 59768, 12399, 57101, 54368, 23095, 19446], [30261, 8319, 46896, 57186, 50804, 3380, 50311, 12180], [15989, 27283, 20194, 26260, 41465, 57575, 48895, 41019], [7978, 14282, 40909, 53509, 43081, 47294, 48253, 27343], [23823, 10568, 58247, 22815, 29957, 10265, 44131, 30711]]","(0, 4, 5, 1, 2, 3)",90,2.4262888431549072,1516,2048,0.740234375
"[[32892, 1816, 27148, 52392, 44158, 11911, 33024, 39568], [16080, 46010, 59768, 12399, 57101, 54368, 23095, 19446], [30261, 8319, 46896, 57186, 50804, 3380, 50311, 12180], [15989, 27283, 20194, 26260, 41465, 57575, 48895, 41019], [23823, 10568, 58247, 22815, 29957, 10265, 44131, 30711], [7978, 14282, 40909, 53509, 43081, 47294, 48253, 27343]]","(0, 4, 5, 1, 3, 2)",91,2.4214810132980347,1429,2048,0.69775390625
"[[32892, 1816, 27148, 52392, 44158, 11911, 33024, 39568], [16080, 46010, 59768, 12399, 57101, 54368, 23095, 19446], [30261, 8319, 46896, 57186, 50804, 3380, 50311, 12180], [7978, 14282, 40909, 53509, 43081, 47294, 48253, 27343], [15989, 27283, 20194, 26260, 41465, 57575, 48895, 41019], [23823, 10568, 58247, 22815, 29957, 10265, 44131, 30711]]","(0, 4, 5, 2, 1, 3)",92,2.4284897446632385,1548,2048,0.755859375
"[[32892, 1816, 27148, 52392, 44158, 11911, 33024, 39568], [16080, 46010, 59768, 12399, 57101, 54368, 23095, 19446], [30261, 8319, 46896, 57186, 50804, 3380, 50311, 12180], [7978, 14282, 40909, 53509, 43081, 47294, 48253, 27343], [23823, 10568, 58247, 22815, 29957, 10265, 44131, 30711], [15989, 27283, 20194, 26260, 41465, 57575, 48895, 41019]]","(0, 4, 5, 2, 3, 1)",93,2.4243273735046387,1484,2048,0.724609375
"[[32892, 1816, 27148, 52392, 44158, 11911, 33024, 39568], [16080, 46010, 59768, 12399, 57101, 54368, 23095, 19446], [30261, 8319, 46896, 57186, 50804, 3380, 50311, 12180], [23823, 10568, 58247, 22815, 29957, 10265, 44131, 30711], [15989, 27283, 20194, 26260, 41465, 57575, 48895, 41019], [7978, 14282, 40909, 53509, 43081, 47294, 48253, 27343]]","(0, 4, 5, 3, 1, 2)",94,2.4167361855506897,1413,2048,0.68994140625
"[[32892, 1816, 27148, 52392, 44158, 11911, 33024, 39568], [16080, 46010, 59768, 12399, 57101, 54368, 23095, 19446], [30261, 8319, 46896, 57186, 50804, 3380, 50311, 12180], [23823, 10568, 58247, 22815, 29957, 10265, 44131, 30711], [7978, 14282, 40909, 53509, 43081, 47294, 48253, 27343], [15989, 27283, 20194, 26260, 41465, 57575, 48895, 41019]]","(0, 4, 5, 3, 2, 1)",95,2.417888641357422,1434,2048,0.7001953125
